dFactor(1)=0.95317
dFactor(2)=0.90352
dFactor(3)=1

